TimeHorizon:780
StationNum:10
WorkerNum:5
ParcelNum:10
stationCapacity:10
workerCapacity:3
station lat lng
1 43659 -79383
2 43650 -79384
3 43785 -79411
4 43714 -79390
5 43648 -79573
6 43659 -79383
7 43650 -79384
8 43785 -79411
9 43714 -79390
10 43648 -79573
worker latO lngO latD lngD earliestD lastA drivingTMax
1 43773 -79416 43677 -79378 528 571 26
2 43703 -79433 43687 -79390 616 651 10
3 43651 -79380 43647 -79364 401 433 4
4 43649 -79366 43720 -79384 299 339 20
5 43690 -79263 43750 -79338 105 149 28
parcel lat lng deadline
1 43769 -79395 538
2 43790 -79385 231
3 43704 -79394 482
4 43706 -79369 752
5 43633 -79492 741
6 43693 -79480 688
7 43654 -79411 244
8 43780 -79238 487
9 43787 -79401 402
10 43657 -79534 173
