TimeHorizon:780
StationNum:10
WorkerNum:10
ParcelNum:20
stationCapacity:10
workerCapacity:3
station lat lng
1 43659 -79383
2 43650 -79384
3 43785 -79411
4 43714 -79390
5 43648 -79573
6 43659 -79383
7 43650 -79384
8 43785 -79411
9 43714 -79390
10 43648 -79573
worker latO lngO latD lngD earliestD lastA drivingTMax
1 43773 -79416 43677 -79378 358 401 26
2 43703 -79433 43687 -79390 218 253 10
3 43651 -79380 43647 -79364 694 726 4
4 43649 -79366 43720 -79384 51 91 20
5 43690 -79263 43750 -79338 111 155 28
6 43716 -79333 43628 -79540 40 96 52
7 43658 -79387 43765 -79515 677 730 46
8 43733 -79447 43665 -79461 475 518 26
9 43761 -79472 43667 -79323 582 636 48
10 43774 -79265 43815 -79314 422 461 18
parcel lat lng deadline
1 43769 -79395 538
2 43790 -79385 231
3 43704 -79394 482
4 43706 -79369 752
5 43633 -79492 741
6 43693 -79480 688
7 43654 -79411 244
8 43780 -79238 487
9 43787 -79401 402
10 43657 -79534 173
11 43704 -79394 571
12 43735 -79243 651
13 43748 -79494 433
14 43741 -79443 339
15 43696 -79384 149
16 43638 -79514 414
17 43787 -79247 396
18 43695 -79410 496
19 43675 -79314 224
20 43687 -79390 606
