TimeHorizon:780
StationNum:30
WorkerNum:15
ParcelNum:30
stationCapacity:10
workerCapacity:3
station lat lng
1 43659 -79383
2 43650 -79384
3 43785 -79411
4 43714 -79390
5 43648 -79573
6 43667 -79387
7 43706 -79421
8 43752 -79473
9 43762 -79398
10 43795 -79267
11 43664 -79468
12 43683 -79336
13 43696 -79369
14 43755 -79451
15 43776 -79258
16 43659 -79383
17 43650 -79384
18 43785 -79411
19 43714 -79390
20 43648 -79573
21 43667 -79387
22 43706 -79421
23 43752 -79473
24 43762 -79398
25 43795 -79267
26 43664 -79468
27 43683 -79336
28 43696 -79369
29 43755 -79451
30 43776 -79258
worker latO lngO latD lngD earliestD lastA drivingTMax
1 43773 -79416 43677 -79378 114 157 26
2 43703 -79433 43687 -79390 338 373 10
3 43651 -79380 43647 -79364 601 633 4
4 43649 -79366 43720 -79384 564 604 20
5 43690 -79263 43750 -79338 480 524 28
6 43716 -79333 43628 -79540 412 468 52
7 43658 -79387 43765 -79515 365 418 46
8 43733 -79447 43665 -79461 124 167 26
9 43761 -79472 43667 -79323 628 682 48
10 43774 -79265 43815 -79314 222 261 18
11 43652 -79392 43652 -79392 381 412 2
12 43704 -79394 43707 -79273 462 506 28
13 43651 -79376 43779 -79358 35 86 42
14 43690 -79444 43784 -79144 152 216 64
15 43671 -79457 43721 -79500 278 317 18
parcel lat lng deadline
1 43769 -79395 538
2 43790 -79385 231
3 43704 -79394 482
4 43706 -79369 752
5 43633 -79492 741
6 43693 -79480 688
7 43654 -79411 244
8 43780 -79238 487
9 43787 -79401 402
10 43657 -79534 173
11 43704 -79394 571
12 43735 -79243 651
13 43748 -79494 433
14 43741 -79443 339
15 43696 -79384 149
16 43638 -79514 414
17 43787 -79247 396
18 43695 -79410 496
19 43675 -79314 224
20 43687 -79390 606
21 43665 -79373 401
22 43752 -79523 253
23 43792 -79276 726
24 43765 -79254 91
25 43697 -79280 155
26 43732 -79348 96
27 43698 -79510 730
28 43808 -79197 518
29 43684 -79318 636
30 43767 -79297 461
